1.874267333984375000e+03 3.431492996215820312e+01 2.345782041549682617e+00 1.896240115165710449e-01 3.543087467551231384e-02 3.533458337187767029e-03 3.021232550963759422e-03 4.952207673341035843e-04 4.217681707814335823e-04 9.841064456850290298e-05 7.654129876755177975e-05 6.472368113463744521e-05 4.140678356634452939e-05 1.423309277015505359e-05 7.301031928363954648e-06 4.927950612909626216e-06 3.608194901971728541e-06 2.969781007777783088e-06 1.709483740341966040e-06 1.477147861805860884e-06
1.858361694335937500e+03 1.363815975189208984e+01 2.932452857494354248e-01 1.137960795313119888e-02 1.211213413625955582e-03 5.782403750345110893e-04 4.416993178892880678e-04 2.142177690984681249e-04 9.746800060383975506e-05 4.973469913238659501e-05 2.488402788003440946e-05 1.917785084515344352e-05 9.397195753990672529e-06 5.233895990386372432e-06 3.396002057343139313e-06 3.046592837563366629e-06 2.334445298401988111e-06 1.514236146249459125e-06 1.170077098322508391e-06 9.864529602054972202e-07
1.873300170898437500e+03 8.186295509338378906e+00 1.732534170150756836e-01 4.126080311834812164e-03 8.429073495790362358e-04 2.880651736631989479e-04 2.529066987335681915e-04 1.970596931641921401e-04 1.274776150239631534e-04 6.769436004105955362e-05 3.436572660575620830e-05 1.880596573755610734e-05 6.856092568341409788e-06 5.932353360549313948e-06 5.530953785637393594e-06 3.999312866653781384e-06 2.858283323803334497e-06 1.930365215230267495e-06 1.723508034956466872e-06 1.539550908091769088e-06
1.887104980468750000e+03 6.133170127868652344e+00 5.188550055027008057e-02 1.292948727495968342e-03 5.663884221576154232e-04 4.056530306115746498e-04 2.237589505966752768e-04 1.243149017682299018e-04 8.166523184627294540e-05 5.503798820427618921e-05 2.723899706325028092e-05 1.692398291197605431e-05 7.578227723570307717e-06 6.774920620955526829e-06 6.196020422066794708e-06 3.531713673510239460e-06 2.965486601169686764e-06 2.135509248546441086e-06 1.915351276693399996e-06 1.665010245233133901e-06
1.900709594726562500e+03 4.956965923309326172e+00 2.711148932576179504e-02 9.664117242209613323e-04 4.041332285851240158e-04 2.877386577893048525e-04 2.318254555575549603e-04 1.205236039822921157e-04 7.727701449766755104e-05 1.496717322879703715e-05 1.012622215057490394e-05 8.747344509174581617e-06 7.365758392552379519e-06 6.902279892528895289e-06 5.047041668149176985e-06 3.477332711554481648e-06 3.220550524929421954e-06 2.538512262617587112e-06 2.073199084406951442e-06 1.791821546248684172e-06
1.913348876953125000e+03 4.120852470397949219e+00 1.742826029658317566e-02 1.235753297805786133e-03 7.924410165287554264e-04 3.634063759818673134e-04 1.666571624809876084e-04 9.269723523175343871e-05 4.786313729709945619e-05 3.835706957033835351e-05 1.186157987831393257e-05 1.070002144842874259e-05 9.200208296533674002e-06 8.546692697564139962e-06 5.600682470685569569e-06 4.154001544520724565e-06 4.100564183318056166e-06 3.262653763158596121e-06 2.641223318278207444e-06 2.587828248579171486e-06
1.924949340820312500e+03 3.480904340744018555e+00 1.172316446900367737e-02 8.574212552048265934e-04 4.984820261597633362e-04 2.498388639651238918e-04 9.559314639773219824e-05 8.613032696302980185e-05 6.981450133025646210e-05 4.383566192700527608e-05 3.295541682746261358e-05 1.467468791815917939e-05 9.898575626721139997e-06 9.436642358195967972e-06 8.328142939717508852e-06 5.906898877583444118e-06 3.387854803804657422e-06 3.138759211651631631e-06 2.801293248921865597e-06 2.665361989784287289e-06
1.935522460937500000e+03 2.983427286148071289e+00 8.150211535394191742e-03 5.786778638139367104e-04 4.808254307135939598e-04 2.586533082649111748e-04 1.359215821139514446e-04 7.984283729456365108e-05 7.958933565532788634e-05 6.905241025378927588e-05 2.969446904899086803e-05 1.700079519650898874e-05 1.088777389668393880e-05 1.054090171237476170e-05 1.009906736726406962e-05 6.054173809388885275e-06 4.067805548402247950e-06 3.354002501509967260e-06 3.004091695402166806e-06 2.888655899369041435e-06
1.945166137695312500e+03 2.592123031616210938e+00 5.702318623661994934e-03 9.956621797755360603e-04 4.411195986904203892e-04 2.999152347911149263e-04 1.745011686580255628e-04 1.150763782788999379e-04 6.167186074890196323e-05 2.750282510532997549e-05 1.724893445498310030e-05 1.226077984028961509e-05 1.120643719332292676e-05 1.062270985130453482e-05 9.059286639967467636e-06 6.283634320425335318e-06 4.670452653954271227e-06 4.199625891487812623e-06 3.503615516819991171e-06 2.971494950543274172e-06
1.954000854492187500e+03 2.280706644058227539e+00 4.699836019426584244e-03 9.117754525505006313e-04 3.522502083797007799e-04 2.456440124660730362e-04 1.892864383989945054e-04 8.615750994067639112e-05 5.680283356923609972e-05 4.431741399457678199e-05 2.775460052362177521e-05 1.899546805361751467e-05 1.220437752635916695e-05 1.077471188182244077e-05 8.961435014498420060e-06 6.875820417917566374e-06 3.984413524449337274e-06 3.518679704939131625e-06 3.287633944637491368e-06 3.108733608314651065e-06
1.962138305664062500e+03 2.029986858367919922e+00 3.615792375057935715e-03 6.605588714592158794e-04 2.567079791333526373e-04 1.869566040113568306e-04 7.952537271194159985e-05 4.057039404870010912e-05 2.353977470193058252e-05 1.870474443421699107e-05 1.379854620608966798e-05 1.214108579006278887e-05 1.138402512879110873e-05 1.131307271862169728e-05 7.256544904521433637e-06 6.856774234620388597e-06 5.144808710610959679e-06 3.533697281454806216e-06 3.434731979723437689e-06 3.271969262641505338e-06
1.969677001953125000e+03 1.826378464698791504e+00 3.022860968485474586e-03 9.010597132146358490e-04 3.799244877882301807e-04 1.805398351280018687e-04 1.415899896528571844e-04 1.293816749239340425e-04 8.050160977290943265e-05 5.012848851038143039e-05 3.924611883121542633e-05 1.544388760521542281e-05 1.306621197727508843e-05 1.153474840975832194e-05 9.161897651210892946e-06 5.481773314386373386e-06 3.984072463936172426e-06 3.895556801580823958e-06 3.366855025888071395e-06 3.198167405571439303e-06
1.976702026367187500e+03 1.658841013908386230e+00 2.771526575088500977e-03 8.194245165213942528e-04 3.225788823328912258e-04 2.260944893350824714e-04 1.469599228585138917e-04 1.176693622255697846e-04 3.716555875143967569e-05 2.995689101226162165e-05 2.355568722123280168e-05 1.489448004576843232e-05 1.292707383981905878e-05 1.133779733208939433e-05 7.557776370958890766e-06 5.914400844631018117e-06 4.264745257387403399e-06 3.672631464723963290e-06 3.533531980792758986e-06 3.300663593108765781e-06
